$ANSIBLE_VAULT;1.1;AES256
64356533643730376133366161313166306537323434663635353961666661303465333861656666
3237666336383634373335663730313730373961373030350a383731623162646139626433656430
65393562343835646530316465323639323766643963653531333936613061393335363334393165
3135623438363432300a333536303366333137306166363564376236303730323536326535393830
63363930356466353462636262336437366132616465323563373535386238356637616430623837
31636139616630373234636238616135343739383064666632653838306235663463636537306433
61313134343532316234633364393561356433663138386632396363373136656533353432613763
31666636653731643035306565376566383062373364323238363534623238313631646563383461
34313037386133343033353763313965616134623838346338326430616234366530616665643437
61313634633434396235323739303234393332346432386137333632333265343234613461303265
36663661626435616634333139653837323766303834323734306230356134313733633362336631
62343964353636376236333832386430383130356239356433393166653136313635313263356665
64306438303039363564343038613763393539353139616265316630623663653639636366633035
33316164373865366338386230313437623662316163353136633462356133616562653237653535
65326536326230663063363938663530353732303966303364353437303839323261313439356532
39373463333136353638363736393835316139393930333266623064326630636161376532373739
32636433373761393030666139303962373734626461346161666263656232316561643133303932
63626338616439626333333766656662306664636236313839643163643530666639393561366466
35623438346436386336376135363232346139373535653933363335633637366330636364376265
64396231306232333530663361323533383739363637313031306535383239373431636465613062
64316435643032643738373133616564656136383637633332326539313864306365353430343834
62303962323261613837643361376162643962613734323436653565326565313031393836623331
37383737333738383965633066623031333638623865626331343636656265366464393236646363
31626365356533373966383461303032333335353435376439396166666663303834323661313939
3832
